,a,b,c,č,ć,d,dž,đ,e,f,g,h,i,j,k,l,lj,m,n,nj,o,p,r,s,š,t,u,v,z,ž,space,w,x,y
a,0.0,0.025706,0.018111,0.010321,0.006037,0.103992,0.002921,0.003505,0.0,0.002921,0.045959,0.003895,0.000195,0.035054,0.089971,0.070886,0.0111,0.059981,0.107887,0.008569,0.0,0.036417,0.092113,0.032522,0.005842,0.09075,0.0,0.055696,0.042843,0.008179,0.028627,0.0,0.0,0.0
b,0.068966,0.0,0.0,0.0,0.0,0.006631,0.001326,0.0,0.068966,0.0,0.0,0.0,0.007958,0.001326,0.0,0.01061,0.0,0.025199,0.0,0.0,0.17374,0.0,0.006631,0.0,0.0,0.0,0.083554,0.0,0.022546,0.001326,0.52122,0.0,0.0,0.0
c,0.143158,0.0,0.002105,0.0,0.0,0.0,0.0,0.0,0.128421,0.0,0.0,0.0,0.288421,0.010526,0.010526,0.006316,0.002105,0.0,0.033684,0.0,0.016842,0.010526,0.08,0.002105,0.004211,0.0,0.067368,0.002105,0.0,0.0,0.191579,0.0,0.0,0.0
č,0.17027,0.0,0.0,0.0,0.0,0.0,0.0,0.0,0.105405,0.0,0.005405,0.0,0.118919,0.0,0.0,0.024324,0.005405,0.0,0.016216,0.0,0.116216,0.0,0.054054,0.0,0.010811,0.005405,0.097297,0.008108,0.0,0.0,0.262162,0.0,0.0,0.0
ć,0.028169,0.0,0.0,0.0,0.0,0.0,0.0,0.0,0.342723,0.0,0.0,0.0,0.13615,0.0,0.004695,0.0,0.0,0.0,0.0,0.0,0.103286,0.032864,0.0,0.0,0.018779,0.0,0.098592,0.0,0.0,0.0,0.234742,0.0,0.0,0.0
d,0.135645,0.0,0.0,0.0,0.0,0.0,0.0,0.0,0.140511,0.0,0.032238,0.0,0.041363,0.001825,0.0,0.001825,0.002433,0.001825,0.022506,0.0,0.132603,0.0,0.025547,0.0,0.0,0.0,0.04562,0.004866,0.020073,0.00365,0.38747,0.0,0.0,0.0
dž,0.0,0.0,0.0,0.0,0.0,0.0,0.0,0.0,0.0,0.0,0.0,0.0,0.0,0.0,0.0,0.0,0.0,0.0,0.0,0.0,0.0,0.0,0.0,0.0,0.0,0.0,0.0,0.0,0.0,0.0,0.0,0.0,0.0,0.0
đ,0.219512,0.0,0.0,0.0,0.0,0.0,0.0,0.0,0.219512,0.0,0.0,0.0,0.02439,0.0,0.0,0.0,0.0,0.0,0.04878,0.0,0.170732,0.0,0.04878,0.0,0.0,0.0,0.04878,0.0,0.0,0.0,0.219512,0.0,0.0,0.0
e,0.002715,0.013577,0.019008,0.020982,0.015552,0.035053,0.000741,0.004196,0.0,0.001481,0.005431,0.004937,0.000987,0.264873,0.02197,0.047889,0.023698,0.035547,0.090595,0.027401,0.0,0.02197,0.07998,0.091089,0.016786,0.058257,0.0,0.058504,0.013083,0.016786,0.005678,0.001234,0.0,0.0
f,0.078261,0.0,0.0,0.0,0.0,0.0,0.0,0.0,0.304348,0.0,0.0,0.0,0.043478,0.008696,0.0,0.008696,0.0,0.008696,0.0,0.0,0.069565,0.0,0.0,0.017391,0.0,0.0,0.0,0.0,0.0,0.0,0.46087,0.0,0.0,0.0
g,0.092166,0.0,0.001152,0.0,0.0,0.003456,0.0,0.0,0.130184,0.0,0.002304,0.0,0.047235,0.0,0.0,0.0,0.0,0.0,0.004608,0.0,0.251152,0.0,0.016129,0.0,0.0,0.0,0.064516,0.0,0.029954,0.0,0.357143,0.0,0.0,0.0
h,0.130841,0.0,0.018692,0.0,0.0,0.0,0.0,0.0,0.046729,0.0,0.0,0.009346,0.401869,0.0,0.0,0.004673,0.0,0.0,0.0,0.0,0.009346,0.0,0.014019,0.037383,0.0,0.009346,0.126168,0.0,0.0,0.0,0.191589,0.0,0.0,0.0
i,0.00048,0.055902,0.03167,0.023273,0.013196,0.041747,0.0,0.00048,0.003599,0.005038,0.005038,0.003599,0.0,0.014635,0.027111,0.096449,0.008877,0.032869,0.113484,0.009117,0.00048,0.022793,0.081094,0.018954,0.015595,0.072217,0.00024,0.082534,0.013196,0.015355,0.190979,0.0,0.0,0.0
j,0.070385,0.004427,0.000443,0.001328,0.0,0.042497,0.0,0.0,0.005755,0.0,0.000885,0.000885,0.164675,0.000443,0.0,0.138557,0.0,0.009739,0.099159,0.0,0.106242,0.003984,0.003541,0.020363,0.0,0.007083,0.013723,0.021248,0.000885,0.002656,0.281098,0.0,0.0,0.0
k,0.155974,0.0,0.003531,0.017657,0.0,0.0,0.0,0.0,0.085933,0.0,0.0,0.000589,0.06239,0.002943,0.0,0.0,0.005297,0.000589,0.006474,0.0,0.077104,0.001766,0.015303,0.115951,0.026486,0.02472,0.034726,0.00412,0.0,0.0,0.358446,0.0,0.0,0.0
l,0.209139,0.036907,0.0,0.001757,0.0,0.013474,0.0,0.0,0.101347,0.0,0.060926,0.002343,0.137668,0.0,0.029291,0.0,0.0,0.027534,0.001172,0.0,0.084944,0.034564,0.009373,0.046866,0.01406,0.012888,0.028705,0.018161,0.006444,0.001172,0.121265,0.0,0.0,0.0
lj,0.0,0.0,0.0,0.0,0.0,0.0,0.0,0.0,0.0,0.0,0.0,0.0,0.0,0.0,0.0,0.0,0.0,0.0,0.0,0.0,0.0,0.0,0.0,0.0,0.0,0.0,0.0,0.0,0.0,0.0,0.0,0.0,0.0,0.0
m,0.142668,0.0,0.0,0.001321,0.0,0.004624,0.0,0.0,0.103699,0.0,0.002642,0.0,0.175694,0.001982,0.001982,0.001321,0.0,0.0,0.001321,0.0,0.187583,0.0,0.010568,0.031704,0.003963,0.003303,0.030383,0.0,0.010568,0.000661,0.284016,0.0,0.0,0.0
n,0.129464,0.000812,0.008117,0.012175,0.000812,0.04099,0.0,0.0,0.101867,0.000406,0.014205,0.001623,0.083604,0.011364,0.005276,0.007305,0.002435,0.011364,0.0,0.0,0.105114,0.002435,0.026786,0.032062,0.00974,0.02151,0.022727,0.01664,0.017857,0.005276,0.308036,0.0,0.0,0.0
nj,0.0,0.0,0.0,0.0,0.0,0.0,0.0,0.0,0.0,0.0,0.0,0.0,0.0,0.0,0.0,0.0,0.0,0.0,0.0,0.0,0.0,0.0,0.0,0.0,0.0,0.0,0.0,0.0,0.0,0.0,0.0,0.0,0.0,0.0
o,0.062912,0.029453,0.002356,0.004477,0.000707,0.035344,0.0,0.000471,0.00377,0.003063,0.043355,0.005891,0.0377,0.014609,0.113808,0.067389,0.004241,0.046654,0.076814,0.001649,0.000471,0.097785,0.04901,0.008247,0.001885,0.090481,0.006833,0.066211,0.005419,0.000236,0.118756,0.0,0.0,0.0
p,0.063898,0.0,0.0,0.0,0.0,0.0,0.0,0.0,0.03754,0.0,0.0,0.0,0.027955,0.001597,0.0,0.0,0.0,0.005591,0.000799,0.0,0.09345,0.0,0.003994,0.057508,0.004792,0.014377,0.033546,0.0,0.0,0.0,0.654952,0.0,0.0,0.0
r,0.104004,0.041016,0.020996,0.0,0.0,0.035156,0.0,0.0,0.072754,0.01709,0.037109,0.003418,0.029297,0.0,0.07666,0.0,0.0,0.023926,0.000488,0.0,0.100586,0.125488,0.0,0.014648,0.000488,0.120117,0.021973,0.042969,0.007324,0.0,0.104492,0.0,0.0,0.0
s,0.062917,0.0,0.0,0.0,0.0,0.006673,0.0,0.0,0.07245,0.0,0.0,0.0,0.092469,0.007626,0.003337,0.001907,0.000953,0.00143,0.019542,0.00143,0.091516,0.004766,0.029075,0.0,0.0,0.00286,0.032888,0.008103,0.0,0.0,0.560057,0.0,0.0,0.0
š,0.156475,0.0,0.0,0.0,0.0,0.0,0.0,0.0,0.124101,0.0,0.0,0.0,0.145683,0.0,0.005396,0.003597,0.0,0.0,0.0,0.0,0.118705,0.005396,0.014388,0.0,0.0,0.0,0.097122,0.007194,0.0,0.0,0.321942,0.0,0.0,0.0
t,0.122682,0.0,0.0,0.0,0.0,0.0,0.0,0.0,0.102235,0.0,0.0,0.004755,0.052306,0.002853,0.010461,0.000951,0.0,0.000476,0.020447,0.0,0.059914,0.001427,0.022825,0.188302,0.078459,0.000951,0.044223,0.0,0.0,0.0,0.286733,0.0,0.0,0.0
u,0.008337,0.020598,0.02256,0.019127,0.009318,0.037273,0.0,0.000981,0.001962,0.002943,0.029426,0.005885,0.00049,0.062285,0.057381,0.035311,0.038744,0.064738,0.068661,0.009318,0.00049,0.047082,0.076999,0.083865,0.01079,0.061795,0.00049,0.018146,0.004414,0.004414,0.196175,0.0,0.0,0.0
v,0.150301,0.000668,0.00668,0.000668,0.0,0.03674,0.0,0.0,0.0501,0.0,0.001336,0.004008,0.078156,0.001336,0.01336,0.002672,0.0,0.000668,0.0,0.0,0.187709,0.0,0.0501,0.168337,0.002672,0.032064,0.01336,0.0,0.020708,0.0,0.178357,0.0,0.0,0.0
z,0.133663,0.00165,0.0,0.0,0.0,0.00165,0.0,0.0,0.059406,0.0,0.0,0.0,0.214521,0.0,0.0,0.0,0.0,0.0,0.0033,0.0,0.079208,0.0,0.008251,0.00165,0.0,0.0,0.033003,0.0,0.00165,0.0,0.462046,0.0,0.0,0.0
ž,0.121951,0.0,0.0,0.0,0.0,0.077236,0.0,0.0,0.134146,0.0,0.0,0.0,0.069106,0.0,0.0,0.004065,0.0,0.0,0.0,0.0,0.117886,0.0,0.028455,0.0,0.0,0.0,0.134146,0.0,0.0,0.0,0.313008,0.0,0.0,0.0
space,0.191316,0.000612,0.00316,0.000815,0.004077,0.017531,0.0,0.0,0.191316,0.001835,0.006625,0.008766,0.16879,0.014881,0.015697,0.001835,0.000204,0.042096,0.021608,0.000204,0.148711,0.000815,0.00846,0.006625,0.00795,0.013047,0.109979,0.006523,0.005096,0.001427,0.0,0.0,0.0,0.0
w,0.0,0.0,0.0,0.0,0.0,0.0,0.0,0.0,0.0,0.0,0.0,0.0,0.0,0.0,0.0,0.0,0.0,0.0,0.0,0.0,0.0,0.0,0.0,0.0,0.0,0.0,0.0,0.0,0.0,0.0,1.0,0.0,0.0,0.0
x,0.0,0.0,0.0,0.0,0.0,0.0,0.0,0.0,0.0,0.0,0.0,0.0,0.0,0.0,0.0,0.0,0.0,0.0,0.0,0.0,0.0,0.0,0.0,0.0,0.0,0.0,0.0,0.0,0.0,0.0,0.0,0.0,0.0,0.0
y,0.0,0.0,0.0,0.0,0.0,0.0,0.0,0.0,0.0,0.0,0.0,0.0,0.0,0.0,0.0,0.0,0.0,0.0,0.0,0.0,0.0,0.0,0.0,0.0,0.0,0.0,0.0,0.0,0.0,0.0,0.0,0.0,0.0,0.0
